Time,Period
0,0
1,25655
2,21631
3,18840
4,15137
5,13413
6,12911
7,12222
8,11357
9,11294
10,11307
11,11668
12,12286
13,12084
14,11753
15,11869
16,11016
17,10535
18,10784
19,10476
20,10483
21,11225
22,11227
23,11476
24,12243
25,11765
26,11309
27,11148
28,10213
29,9715
30,11136
31,12250
32,12523
33,12284
34,10951
35,9884
36,9683
37,10936
38,11561
39,12462
40,11822
41,10733
42,10266
43,9498
44,9253
45,10087
46,11118
47,11966
48,13002
49,12021
50,10711
51,9952
52,9094
53,10467
54,11572
55,12000
56,11966
57,11658
58,10290
59,9323
60,9057
61,9974
62,10774
63,11651
64,11296
65,10647
66,10330
67,9465
68,9654
69,10677
70,10890
71,10927
72,11115
73,10299
74,9717
75,10096
76,10352
77,10583
78,11089
79,10646
80,10180
81,10181
82,9583
83,9266
84,9794
85,10277
86,10462
87,11153
88,10893
89,10401
90,10310
91,9602
92,9067
93,9222
94,9396
95,10098
96,11109
97,11306
98,11154
99,11043
100,9948
101,9124
102,9008
103,8602
104,8461
105,9651
106,10581
107,11607
108,12862
109,11898
110,9673
111,9131
112,8224
113,7654
114,8888
115,10944
116,12789
117,13148
118,10143
119,9266
120,8873
121,8454
122,9754
123,11541
124,12576
125,13348
126,11897
127,9681
128,8528
129,8327
130,11110
131,11692
132,13823
133,12299
134,9978
135,9071
136,7998
137,8745
138,12060
139,12952
140,11314
141,9793
142,8637
143,7822
144,10660
145,11074
146,11921
147,12348
148,10711
149,9178
150,8680
151,7875
152,8097
153,10659
154,11601
155,13376
156,10946
157,9715
158,8627
159,8407
160,11561
161,11863
162,13522
163,11091
164,9212
165,8631
166,7800
167,10746
168,11835
169,13259
170,10661
171,9860
172,8657
173,7772
174,8300
175,12133
176,13595
177,11521
178,9818
179,8713
180,8096
181,10303
182,11353
183,13039
184,12602
185,10145
186,9090
187,7957
188,7184
189,8641
190,11346
191,12616
192,11059
193,8991
194,8195
195,7888
196,7509
197,9473
198,11121
199,13004
200,11571
201,9766
202,8622
203,7767
204,8446
205,10191
206,10989
207,13447
208,12007
209,9427
210,9045
211,8105
212,9248
213,12047
214,12981
215,12991
216,10424
217,8961
218,7890
219,9114
220,10596
221,11131
222,12606
223,11993
224,10480
225,9585
226,8454
227,7714
228,8726
229,10820
230,11941
231,13242
232,9985
233,9224
234,8914
235,10170
236,11702
237,12543
238,12018
239,10533
240,9639
241,8831
242,10146
243,10443
244,10451
245,10113
246,10054
247,9402
248,9346
249,10053
250,9971
251,10231
252,10514
253,9964
254,9301
255,9610
256,9927
257,9850
258,10247
259,9950
260,9564
261,9567
262,9196
263,9102
264,9753
265,9630
266,9621
267,10064
268,9799
269,9485
270,9825
271,9580
272,9425
273,9811
274,9514
275,9324
276,9611
277,9470
278,9438
279,9942
280,9874
281,9807
282,10106
283,9818
284,9448
285,9591
286,9335
287,9417
288,10009
289,9885
290,9805
291,10041
292,9766
293,9497
294,9751
295,9621
296,9767
297,10129
298,9916
299,9733
300,10032
301,9712
302,9333
303,9619
304,9656
305,10027
306,10616
307,10419
308,10181
309,10375
310,9841
311,9419
312,9634
313,9890
314,10217
315,10828
316,10503
317,10000
318,9865
319,9633
320,10107
321,10624
322,10331
323,10169
324,10497
325,10490
326,10256
327,10313
328,10121
329,9956
330,10299
331,10042
332,10002
333,10618
334,10216
335,9751
336,10049
337,9930
338,10053
339,10351
340,10025
341,9711
342,9827
343,9867
344,9745
345,10139
346,9991
347,9802
348,10212
349,9997
350,9810
351,10163
352,9702
353,9677
354,10025
355,9715
356,9583
357,9998
358,9721
359,9624
360,9941
361,9807
362,9862
363,10382
364,9991
365,9677
366,9843
367,9575
368,9527
369,9936
370,9839
371,9705
372,10069
373,9838
374,9575
375,9804
376,9512
377,9326
378,9799
379,9797
380,9861
381,10492
382,10333
383,10095
384,10353
385,9844
386,9457
387,9553
388,9237
389,8961
390,9438
391,9729
392,10309
393,11122
394,10973
395,10339
396,10057
397,9165
398,8808
399,9892
400,9962
401,10211
402,10785
403,10435
404,9925
405,9890
406,9811
407,10160
408,10319
409,10015
410,9653
411,9767
412,9973
413,10035
414,10451
415,10083
416,9864
417,10217
418,10119
419,9981
420,10329
421,9963
422,9930
423,10279
424,9769
425,9779
426,10120
427,9961
428,9987
429,10261
430,9969
431,9817
432,10044
433,10104
434,9723
435,10149
436,9942
437,9641
438,10031
439,9782
440,9665
441,10100
442,9768
443,9743
444,10164
445,9808
446,9540
447,9816
448,9610
449,9605
450,9911
451,9772
452,9654
453,10072
454,9814
455,9540
456,9824
457,9514
458,9227
459,9715
460,9580
461,9683
462,10189
463,10103
464,9977
465,10334
466,9962
467,9578
468,9695
469,9350
470,9126
471,9611
472,9564
473,9682
474,10318
475,10202
476,9985
477,10102
478,9546
479,9220
480,9774
481,10145
482,10556
483,10988
484,10483
485,9839
486,9695
487,9036
488,9030
489,10031
490,10044
491,10304
492,10960
493,10509
494,9891
495,9714
496,9160
497,9318
498,10396
499,10606
500,10567
501,10687
502,9862
503,9301
504,9914
505,9917
506,10156
507,10504
508,10010
509,9592
510,9906
511,10041
512,10142
513,10425
514,10033
515,9782
516,9953
517,10046
518,9806
519,10046
520,9678
521,9528
522,10003
523,9860
524,9772
525,10149
526,9792
527,9713
528,10038
529,9646
530,9788
531,10028
532,9632
533,9458
534,9694
535,9762
536,9743
537,10178
538,9944
539,9663
540,9810
541,9381
542,9128
543,9560
544,9723
545,9777
546,10296
547,10128
548,9861
549,10083
550,9597
551,9231
552,9509
553,9385
554,9528
555,10207
556,10127
557,10026
558,10180
559,9724
560,9373
561,9581
562,9306
563,9199
564,9661
565,9634
566,9772
567,10549
568,10411
569,10218
570,10270
571,9725
572,9215
573,9410
574,9584
575,10267
576,11180
577,11176
578,10893
579,10692
580,9679
581,8942
582,8967
583,9978
584,10255
585,10976
586,10569
587,9985
588,9846
589,9323
590,9901
591,10253
592,10061
593,10094
594,10507
595,9972
596,10001
597,10260
598,9951
599,9910
600,10069
601,9921
602,9801
603,10051
604,9871
605,9889
606,10206
607,10043
608,9885
609,10357
610,10035
611,9899
612,10202
613,9849
614,9700
615,10044
616,9808
617,9830
618,10253
619,9797
620,9615
621,9861
622,9879
623,9917
624,10304
625,9996
626,9625
627,9708
628,9337
629,9330
630,9827
631,9830
632,9945
633,10419
634,10105
635,9748
636,9976
637,9490
638,9202
639,9467
640,9260
641,9190
642,9712
643,9721
644,9880
645,10469
646,10219
647,9942
648,10198
649,9644
650,9375
651,9553
652,9277
653,9174
654,9617
655,9651
656,9790
657,10534
658,10448
659,10127
660,10141
661,9540
662,9182
663,10199
664,10369
665,10257
666,10445
667,9833
668,9474
669,10071
670,10054
671,9894
672,10388
673,10012
674,9744
675,10205
676,9991
677,9844
678,10223
679,9995
680,10078
681,10412
682,9925
683,9833
684,10232
685,10015
686,10148
687,10312
688,9982
689,9917
690,10239
691,10387
692,10093
693,10394
694,10139
695,9953
696,10315
697,10022
698,9988
699,10218
700,9871
701,9840
702,10251
703,9840
704,9842
705,10118
706,9873
707,9927
708,10123
709,9709
710,9489
711,9754
712,9730
713,9594
714,10101
715,9950
716,9883
717,10133
718,9804
719,9432
720,9849
721,9610
722,9599
723,10036
724,9768
725,9665
726,9931
727,9700
728,9639
729,10023
730,9799
731,9839
732,10305
733,10012
734,9776
735,9863
736,9654
737,9569
738,9988
739,9737
740,9690
741,9979
742,9664
743,9555
744,10072
745,9793
746,9709
747,10043
748,9850
749,9672
750,10071
751,9843
752,9841
753,10205
754,9929
755,9949
756,10397
757,10186
758,10029
759,10236
760,10168
761,10178
762,10300
763,10010
764,10046
765,10241
766,9894
767,10080
768,10313
769,10141
770,10065
771,10247
772,10164
773,10087
774,10423
775,10314
776,10133
777,10216
778,9741
779,9718
780,10193
781,10097
782,9910
783,10195
784,9738
785,9753
786,10243
787,9920
788,9996
789,10380
790,9887
791,9774
792,10039
793,9677
794,9701
795,10023
796,9753
797,9818
798,10056
799,9675
800,9551
801,10041
802,9912
803,9759
804,10039
805,9798
806,9644
807,9998
808,9775
809,9617
810,9984
811,9700
812,9615
813,10068
814,9798
815,9662
816,10031
817,9770
818,9579
819,9907
820,9625
821,9444
822,9921
823,9755
824,9731
825,10227
826,10073
827,9840
828,10315
829,10032
830,9778
831,9989
832,9648
833,9382
834,9837
835,9699
836,9706
837,10209
838,10075
839,9930
840,10292
841,9918
842,9564
843,9752
844,9535
845,10487
846,11133
847,10987
848,10482
849,10219
850,9407
851,9536
852,10514
853,10267
854,10250
855,10551
856,10066
857,9996
858,10331
859,10293
860,10277
861,10410
862,9725
863,9695
864,10224
865,10221
866,10054
867,10291
868,10107
869,9864
870,10404
871,10101
872,9851
873,10232
874,9959
875,9874
876,10189
877,9945
878,9978
879,10317
880,10052
881,9979
882,10127
883,10080
884,9930
885,10225
886,9961
887,9685
888,9946
889,9689
890,9512
891,10018
892,9907
893,9842
894,10132
895,9861
896,9507
897,9716
898,9519
899,9568
900,10060
901,10100
902,10027
903,10352
904,10093
905,9720
906,9958
907,9611
908,9305
909,9624
910,9466
911,9454
912,9944
913,9829
914,9740
915,10280
916,10095
917,9860
918,10145
919,9644
920,9406
921,9559
922,9414
923,9628
924,10387
925,10388
926,10375
927,10501
928,9890
929,9373
930,9684
931,10071
932,10003
933,10568
934,10293
935,9940
936,10023
937,9578
938,9563
939,10263
940,9876
941,10113
942,10384
943,10138
944,10101
945,10391
946,10048
947,10104
948,10418
949,10439
950,10217
951,10286
952,10458
953,10170
954,10469
955,10251
956,10152
957,10245
958,10075
959,10044
960,10277
961,10012
962,9898
963,10165
964,10053
965,10088
966,10310
967,9994
968,9840
969,9997
970,9828
971,9669
972,9892
973,9823
974,9719
975,9989
976,9789
977,9775
978,10159
979,9915
980,9720
981,10045
982,9698
983,9493
984,9808
985,9628
986,9628
987,10130
988,9895
989,9721
990,9926
991,9752
992,9779
993,10078
994,9768
995,9546
996,9869
997,9748
998,9593
999,10055

